:::::::::::::::::::::::::::::::::::::::::
::  OPT/GIA/FIB Curso 2022-23 : alumno 13 ::
:::::::::::::::::::::::::::::::::::::::::
--------------------------------------------------------------------------------------------
OPT/GIA/FIB Curso 2022-23, ejercicio implementacion del simplex : cjt. datos 13, problema PL 1
--------------------------------------------------------------------------------------------
c=
  95 -65  67  30 -58 -75 -28 -93  43  67  84 -35  72  14   0   0   0   0   0   0 

A=
  26 -38  74 -77  20 -22  70  15  50   0 -66 -37  53 -35   0   0   0   0   0   0 
 -48 -95  98  58 -39  20  89 -18  84  87 -30 -19  86 -32   0   0   0   0   0   0 
  24 -12  24  10  13  70  30  42  23 -92 -21  41 -22  73   0   0   0   0   0   0 
 -53 -63  75  61  93  29  38   9  52  93  17   0  65  32   0   0   0   0   0   0 
  87  92  96  74  69  93  86  99  78  89  66  89 100  78   1   0   0   0   0   0 
  -6  86  98 -80  43  14  54  93  69 -62 -82  12 -53 -60   0  -1   0   0   0   0 
 -90  23  36  92  50  40  99 -79 -34  96 -36  92 -46  -8   0   0  -1   0   0   0 
 -83  -5 -17  36  98 -52 -76  41 -12  84  48  43 -54 -18   0   0   0  -1   0   0 
  47 -56  54 -30  64 -88  76 -43 -13  78 -36  78 -78  39   0   0   0   0  -1   0 
 -78  27  37  41  44  88 -11  39  62 -94  87  99 -79 -61   0   0   0   0   0   1 

b=
   33  241  203  448 1197  125  234   32   91  202 

z*=
 -484.8175 

vb*=
  7 14 18  6 10  2  5 12 16  8 

--------------------------------------------------------------------------------------------
OPT/GIA/FIB Curso 2022-23, ejercicio implementacion del simplex : cjt. datos 13, problema PL 2
--------------------------------------------------------------------------------------------
c=
   5  78 -67 -32   4 -66 -91  74  13  83 -89  65  47  84   0   0   0   0   0   0 

A=
 -55  89  47  87  59 -41 -82 -82  67 -95  71 -83 -57  86   0   0   0   0   0   0 
  39  56   5  52  65  52  15 -77  23 100 -53  61  41  41   0   0   0   0   0   0 
 -42 -23 -26  51  89  78   1  59  59  -5 -20 -78 -45 -30   0   0   0   0   0   0 
  38  30  89  83  51 -35 -76 -54 -62  16  29  53 -84 -68   0   0   0   0   0   0 
  88  89  56  93  93  81  86  63  59  53  61  54  75  61   1   0   0   0   0   0 
 -19 -97  37  15  52   6 -75 -28 -27  87 -22  63  35  69   0   1   0   0   0   0 
 -45  26 -39  72  22 -87  -7  48  52  58 -38  12 -16  41   0   0  -1   0   0   0 
 -49  65 -51  94  37  -6 -35  78 -68  34 -34 -76 -12  91   0   0   0  -1   0   0 
  91 -37 -10  35  75  -7 -60  44  -4  99   9  58  52 -56   0   0   0   0  -1   0 
 -20 -34 -35 -11  59  71 -89  69  84   7   1  78  97 -68   0   0   0   0   0  -1 

b=
   11  420   68   10 1013   97   98   67  288  208 

--------------------------------------------------------------------------------------------
OPT/GIA/FIB Curso 2022-23, ejercicio implementacion del simplex : cjt. datos 13, problema PL 3
--------------------------------------------------------------------------------------------
c=
 -85  20   0  69  66 -93  45   4 -17  63 -97 -74 -14 -47   0   0   0   0   0   0 

A=
  65  51 -81  75 -53  14 -74  39  61  27 -52  88 -65 -88   0   0   0   0   0   0 
  52  -8 -93  51  69  52  -9 -60 -42 -62  65  70 -15  82   0   0   0   0   0   0 
  91 -83  29  62 -77 -78   0  84  53  96 -89  24 -63  99   0   0   0   0   0   0 
  74  51  68  11   8  65  56  86   7  52 -86  82 -77 -59   0   0   0   0   0   0 
  64   6  18  31 -71 -93  -8 -66 -69  30  78   0  -3  89  -1   0   0   0   0   0 
  82   4  41  89  96  98 -50 -42 -59  -5   1  57 -29 -16   0  -1   0   0   0   0 
  38  49  16 -47  74  32  50 -10  28  12  64  25 -11 -16   0   0   1   0   0   0 
  91  31  48  62  35  18  33 100  20  30  15  98   2  11   0   0   0   1   0   0 
  27  48  90   7  27  47  63  97   2  37  70  30  20  49   0   0   0   0   1   0 
  93  19   5  58   7  16  27  20  36  29  67  50   1  59   0   0   0   0   0   1 

b=
   7 152 148 338   5 266 305  34   2  47 

--------------------------------------------------------------------------------------------
OPT/GIA/FIB Curso 2022-23, ejercicio implementacion del simplex : cjt. datos 13, problema PL 4
--------------------------------------------------------------------------------------------
Warning: one or more outputs not assigned in call (1)
c=

 Columns 1 to 22

 -63 -80 -12 -46 -51 -52 -25 -85 -25 -88 -53 -77 -22 -68   0   0   0   0   0   0   0   0   0   0 

A=
 92 27 58 69 90 55 59 76 15 42 92 85 88 27 -1  0  0  0  0  0  0  0  0  0 
 86 11 43 36  8 17 79 77 82  7 40  1 62 61  0 -1  0  0  0  0  0  0  0  0 
 98 70 50 55 72 44 86  1 26 76 98 71 47  8  0  0 -1  0  0  0  0  0  0  0 
 41 33 27 50  9 17 59 35 64 75  7 62  3 42  0  0  0 -1  0  0  0  0  0  0 
 45 26 77 75  9 81 31 31 24 54 54 72  0 19  0  0  0  0 -1  0  0  0  0  0 
 23 74 65 46 54 91 22 96 58 88 70 63 44 54  0  0  0  0  0 -1  0  0  0  0 
 44 59 81 35 27 32  1 98  9 65 74 47 97 84  0  0  0  0  0  0 -1  0  0  0 
  5 92 45  2 45 75 12 75 98 33 50 22 74 39  0  0  0  0  0  0  0 -1  0  0 
 87 63 10 23 72 41 19 38 53 57 32 78 87 67  0  0  0  0  0  0  0  0 -1  0 
 95 75 57 16 29 66 63  7 70 20 28 29  4 43  0  0  0  0  0  0  0  0  0 -1 

b=
 874 609 801 523 597 847 752 666 726 601 


:::::::::::::::::::::::::::::::::::::::::
::  OPT/GIA/FIB Curso 2022-23 : alumno 24 ::
:::::::::::::::::::::::::::::::::::::::::
--------------------------------------------------------------------------------------------
OPT/GIA/FIB Curso 2022-23, ejercicio implementacion del simplex : cjt. datos 24, problema PL 1
--------------------------------------------------------------------------------------------
c=
  59  77  13  80 -55  72   7 -87 -33   2  84 -38 -55 -82   0   0   0   0   0   0 

A=
  56 -48  18  -1  50  58  20  65  50 -47 -52  50   5  72   0   0   0   0   0   0 
  70  -2  52  57  76  91 -92  80   1 -97  74 -65  88  -1   0   0   0   0   0   0 
  12  72 -88 -91  80  88 -48  51 -61 -72  45 -46   7  88   0   0   0   0   0   0 
 -72   6 -50  30 -68  55  -7 -16  24 -87  24  88  35  52   0   0   0   0   0   0 
  97  50  87  55  94  79  93  83  86  61  68  62  75  57   1   0   0   0   0   0 
 -10  -7 -38 -82  82 -96   1 -78  93  94 -52  73  12  44   0   1   0   0   0   0 
 -82 -18  14 -80  57  63  17  63  84  22  80 -51 -52 -80   0   0   1   0   0   0 
 -12  -7   6 -17  30  35  30 -94  82 -43  39   2 -46  26   0   0   0  -1   0   0 
  24 -54  33 -11 -15  98 -37 100  14  13  59 -14  88  64   0   0   0   0  -1   0 
 -45  14  89  62  -4 -60 -38 -67   2  94  40 100  12 -92   0   0   0   0   0   1 

b=
  296  332   37   14 1048   37   38   30  361  108 

z*=
 -308.1075 

vb*=
 20 17  8 13  5  7 19 11 14  3 

--------------------------------------------------------------------------------------------
OPT/GIA/FIB Curso 2022-23, ejercicio implementacion del simplex : cjt. datos 24, problema PL 2
--------------------------------------------------------------------------------------------
c=
 -31  19  80  18   7  81 -20  80 -27  18  76  62  85 -12   0   0   0   0   0   0 

A=
  64 -26 -45 -36 -11  88  -7   3   3 -48 -12  69  86  49   0   0   0   0   0   0 
  44  52  41 -51 -15  78 -35 -21  60  84 -51  21  -7 -36   0   0   0   0   0   0 
 -54  61  63 -14 -45  96 -77  68 -25 -21  46  72 -16  21   0   0   0   0   0   0 
  19  99   0  52  91  -9 -85  86 -90  37  36 -60  51 -48   0   0   0   0   0   0 
  98  56  98  74  67  76  93  98  76  76  63  78  50 100   1   0   0   0   0   0 
  71  18 -97 -90 -12  76 -16  13  66  82 -45  53   6 -89   0  -1   0   0   0   0 
 -38  21  76  24 -49  47  78  64   2 -96 -82 -29  82  93   0   0  -1   0   0   0 
  22  63 -64  41   5  81  71 -21  26 -93 -43  84  32 -66   0   0   0  -1   0   0 
 -68  35  67 -54  40  22 -28  14 -23 -34  97  -2 -17  31   0   0   0   0   1   0 
  53  21  87  -4  94 -18  62  26  57 -20 -12 -41  30  73   0   0   0   0   0   1 

b=
  177  164  175  179 1104   35  192  137   81  409 

--------------------------------------------------------------------------------------------
OPT/GIA/FIB Curso 2022-23, ejercicio implementacion del simplex : cjt. datos 24, problema PL 3
--------------------------------------------------------------------------------------------
c=
  80  -3 -54 -82  69  54  80  46 -57  -2 -97 -77  24  58   0   0   0   0   0   0 

A=
  17  56  -9   7  32  25   7   9  42 -36 -69  14  75 -94   0   0   0   0   0   0 
 -31  15  29 -61  85   4 -49  69  72 -50 -38 -73  24  66   0   0   0   0   0   0 
  79 -86  24 -50   1 -25  54 -46  68   5 -80 -82  88  78   0   0   0   0   0   0 
 -93 100  95 -92  29 -46 -96  97 -60  64  61 -18 -30   1   0   0   0   0   0   0 
  63  99  16 -29  65 -72 -79  73   6 -76  86 -83 -30  93  -1   0   0   0   0   0 
  67 -52 -28 -39  74 -28 -18  -4  39  93  14  63  89 -67   0   1   0   0   0   0 
  31 -47  72 -60   8  82 -65 -56 -95  39  84  33 -58  58   0   0   1   0   0   0 
  23  99  90  51  63  40  84  34  85  88  31  92  69  72   0   0   0   1   0   0 
  11  10  74  76   2  91  14  92  43  62  73  91  35  24   0   0   0   0   1   0 
  40  87  94  40  87  70  93  34  11   8  95  97  75  23   0   0   0   0   0   1 

b=
  76  62  28  12 131 204  27  74  95  30 

--------------------------------------------------------------------------------------------
OPT/GIA/FIB Curso 2022-23, ejercicio implementacion del simplex : cjt. datos 24, problema PL 4
--------------------------------------------------------------------------------------------
Warning: one or more outputs not assigned in call (1)
c=

 Columns 1 to 22

 -67 -47 -35  -3 -95 -91 -41 -12 -62 -50 -11 -89 -13  -7   0   0   0   0   0   0   0   0 

 Columns 23 to 24

   0   0 

A=

 Columns 1 to 22

  88  84  83  24  54  27  54  67  52  77  93   5  93 100  -1   0   0   0   0   0   0   0 
  76  86  24  74  83  64  49  29  63  56  73  26  97  67   0  -1   0   0   0   0   0   0 
  84  68  29  70  93  44  27   4  92  27  35  40  83  97   0   0  -1   0   0   0   0   0 
  39  34  30  25  91  77  66  25  82   7  40  40  63  96   0   0   0  -1   0   0   0   0 
  35  46  81  81  84  34  96  45  33  77  12  28  25  53   0   0   0   0  -1   0   0   0 
  69  99  52  83  50  21  30  83  82   0  86  58  87  91   0   0   0   0   0  -1   0   0 
  95  44  97  24  87  39  58  73  92  34  86  45  72  10   0   0   0   0   0   0  -1   0 
  52  63  28  71  77  33  32  57  48  50  12  71  46  79   0   0   0   0   0   0   0  -1 
  84  33  78  61  54  11  71  46  51  76  64  12  71  92   0   0   0   0   0   0   0   0 
   7   2  46  69  42  33  74  16  64  36  98  46   1  27   0   0   0   0   0   0   0   0 

 Columns 23 to 24

   0   0 
   0   0 
   0   0 
   0   0 
   0   0 
   0   0 
   0   0 
   0   0 
  -1   0 
   0  -1 

b=
 900 866 792 714 729 890 855 718 803 560 

