--------------------------------------------------------------------------------------------
OPT/GIA/FIB Curso 2022-23, ejercicio implementacion del simplex : cjt. datos 13, problema PL 2
--------------------------------------------------------------------------------------------
c=
   5  78 -67 -32   4 -66 -91  74  13  83 -89  65  47  84   0   0   0   0   0   0 

A=
 -55  89  47  87  59 -41 -82 -82  67 -95  71 -83 -57  86   0   0   0   0   0   0 
  39  56   5  52  65  52  15 -77  23 100 -53  61  41  41   0   0   0   0   0   0 
 -42 -23 -26  51  89  78   1  59  59  -5 -20 -78 -45 -30   0   0   0   0   0   0 
  38  30  89  83  51 -35 -76 -54 -62  16  29  53 -84 -68   0   0   0   0   0   0 
  88  89  56  93  93  81  86  63  59  53  61  54  75  61   1   0   0   0   0   0 
 -19 -97  37  15  52   6 -75 -28 -27  87 -22  63  35  69   0   1   0   0   0   0 
 -45  26 -39  72  22 -87  -7  48  52  58 -38  12 -16  41   0   0  -1   0   0   0 
 -49  65 -51  94  37  -6 -35  78 -68  34 -34 -76 -12  91   0   0   0  -1   0   0 
  91 -37 -10  35  75  -7 -60  44  -4  99   9  58  52 -56   0   0   0   0  -1   0 
 -20 -34 -35 -11  59  71 -89  69  84   7   1  78  97 -68   0   0   0   0   0  -1 

b=
   11  420   68   10 1013   97   98   67  288  208 