--------------------------------------------------------------------------------------------
OPT/GIA/FIB Curso 2022-23, ejercicio implementacion del simplex : cjt. datos 13, problema PL 1
--------------------------------------------------------------------------------------------
c=
  95 -65  67  30 -58 -75 -28 -93  43  67  84 -35  72  14   0   0   0   0   0   0 

A=
  26 -38  74 -77  20 -22  70  15  50   0 -66 -37  53 -35   0   0   0   0   0   0 
 -48 -95  98  58 -39  20  89 -18  84  87 -30 -19  86 -32   0   0   0   0   0   0 
  24 -12  24  10  13  70  30  42  23 -92 -21  41 -22  73   0   0   0   0   0   0 
 -53 -63  75  61  93  29  38   9  52  93  17   0  65  32   0   0   0   0   0   0 
  87  92  96  74  69  93  86  99  78  89  66  89 100  78   1   0   0   0   0   0 
  -6  86  98 -80  43  14  54  93  69 -62 -82  12 -53 -60   0  -1   0   0   0   0 
 -90  23  36  92  50  40  99 -79 -34  96 -36  92 -46  -8   0   0  -1   0   0   0 
 -83  -5 -17  36  98 -52 -76  41 -12  84  48  43 -54 -18   0   0   0  -1   0   0 
  47 -56  54 -30  64 -88  76 -43 -13  78 -36  78 -78  39   0   0   0   0  -1   0 
 -78  27  37  41  44  88 -11  39  62 -94  87  99 -79 -61   0   0   0   0   0   1 

b=
   33  241  203  448 1197  125  234   32   91  202 

z*=
 -484.8175 

vb*=
  7 14 18  6 10  2  5 12 16  8 
