--------------------------------------------------------------------------------------------
OPT/GIA/FIB Curso 2022-23, ejercicio implementacion del simplex : cjt. datos 13, problema PL 3
--------------------------------------------------------------------------------------------
c=
 -85  20   0  69  66 -93  45   4 -17  63 -97 -74 -14 -47   0   0   0   0   0   0 

A=
  65  51 -81  75 -53  14 -74  39  61  27 -52  88 -65 -88   0   0   0   0   0   0 
  52  -8 -93  51  69  52  -9 -60 -42 -62  65  70 -15  82   0   0   0   0   0   0 
  91 -83  29  62 -77 -78   0  84  53  96 -89  24 -63  99   0   0   0   0   0   0 
  74  51  68  11   8  65  56  86   7  52 -86  82 -77 -59   0   0   0   0   0   0 
  64   6  18  31 -71 -93  -8 -66 -69  30  78   0  -3  89  -1   0   0   0   0   0 
  82   4  41  89  96  98 -50 -42 -59  -5   1  57 -29 -16   0  -1   0   0   0   0 
  38  49  16 -47  74  32  50 -10  28  12  64  25 -11 -16   0   0   1   0   0   0 
  91  31  48  62  35  18  33 100  20  30  15  98   2  11   0   0   0   1   0   0 
  27  48  90   7  27  47  63  97   2  37  70  30  20  49   0   0   0   0   1   0 
  93  19   5  58   7  16  27  20  36  29  67  50   1  59   0   0   0   0   0   1 

b=
   7 152 148 338   5 266 305  34   2  47 