--------------------------------------------------------------------------------------------
OPT/GIA/FIB Curso 2022-23, ejercicio implementacion del simplex : cjt. datos 13, problema PL 4
--------------------------------------------------------------------------------------------
Warning: one or more outputs not assigned in call (1)
c=

 Columns 1 to 22

 -63 -80 -12 -46 -51 -52 -25 -85 -25 -88 -53 -77 -22 -68   0   0   0   0   0   0   0   0   0   0 

A=
 92 27 58 69 90 55 59 76 15 42 92 85 88 27 -1  0  0  0  0  0  0  0  0  0 
 86 11 43 36  8 17 79 77 82  7 40  1 62 61  0 -1  0  0  0  0  0  0  0  0 
 98 70 50 55 72 44 86  1 26 76 98 71 47  8  0  0 -1  0  0  0  0  0  0  0 
 41 33 27 50  9 17 59 35 64 75  7 62  3 42  0  0  0 -1  0  0  0  0  0  0 
 45 26 77 75  9 81 31 31 24 54 54 72  0 19  0  0  0  0 -1  0  0  0  0  0 
 23 74 65 46 54 91 22 96 58 88 70 63 44 54  0  0  0  0  0 -1  0  0  0  0 
 44 59 81 35 27 32  1 98  9 65 74 47 97 84  0  0  0  0  0  0 -1  0  0  0 
  5 92 45  2 45 75 12 75 98 33 50 22 74 39  0  0  0  0  0  0  0 -1  0  0 
 87 63 10 23 72 41 19 38 53 57 32 78 87 67  0  0  0  0  0  0  0  0 -1  0 
 95 75 57 16 29 66 63  7 70 20 28 29  4 43  0  0  0  0  0  0  0  0  0 -1 

b=
 874 609 801 523 597 847 752 666 726 601 