--------------------------------------------------------------------------------------------
OPT/GIA/FIB Curso 2022-23, ejercicio implementacion del simplex : cjt. datos 24, problema PL 1
--------------------------------------------------------------------------------------------
c=
  59  77  13  80 -55  72   7 -87 -33   2  84 -38 -55 -82   0   0   0   0   0   0 

A=
  56 -48  18  -1  50  58  20  65  50 -47 -52  50   5  72   0   0   0   0   0   0 
  70  -2  52  57  76  91 -92  80   1 -97  74 -65  88  -1   0   0   0   0   0   0 
  12  72 -88 -91  80  88 -48  51 -61 -72  45 -46   7  88   0   0   0   0   0   0 
 -72   6 -50  30 -68  55  -7 -16  24 -87  24  88  35  52   0   0   0   0   0   0 
  97  50  87  55  94  79  93  83  86  61  68  62  75  57   1   0   0   0   0   0 
 -10  -7 -38 -82  82 -96   1 -78  93  94 -52  73  12  44   0   1   0   0   0   0 
 -82 -18  14 -80  57  63  17  63  84  22  80 -51 -52 -80   0   0   1   0   0   0 
 -12  -7   6 -17  30  35  30 -94  82 -43  39   2 -46  26   0   0   0  -1   0   0 
  24 -54  33 -11 -15  98 -37 100  14  13  59 -14  88  64   0   0   0   0  -1   0 
 -45  14  89  62  -4 -60 -38 -67   2  94  40 100  12 -92   0   0   0   0   0   1 

b=
  296  332   37   14 1048   37   38   30  361  108 

z*=
 -308.1075 

vb*=
 20 17  8 13  5  7 19 11 14  3 

