--------------------------------------------------------------------------------------------
OPT/GIA/FIB Curso 2022-23, ejercicio implementacion del simplex : cjt. datos 24, problema PL 2
--------------------------------------------------------------------------------------------
c=
 -31  19  80  18   7  81 -20  80 -27  18  76  62  85 -12   0   0   0   0   0   0 

A=
  64 -26 -45 -36 -11  88  -7   3   3 -48 -12  69  86  49   0   0   0   0   0   0 
  44  52  41 -51 -15  78 -35 -21  60  84 -51  21  -7 -36   0   0   0   0   0   0 
 -54  61  63 -14 -45  96 -77  68 -25 -21  46  72 -16  21   0   0   0   0   0   0 
  19  99   0  52  91  -9 -85  86 -90  37  36 -60  51 -48   0   0   0   0   0   0 
  98  56  98  74  67  76  93  98  76  76  63  78  50 100   1   0   0   0   0   0 
  71  18 -97 -90 -12  76 -16  13  66  82 -45  53   6 -89   0  -1   0   0   0   0 
 -38  21  76  24 -49  47  78  64   2 -96 -82 -29  82  93   0   0  -1   0   0   0 
  22  63 -64  41   5  81  71 -21  26 -93 -43  84  32 -66   0   0   0  -1   0   0 
 -68  35  67 -54  40  22 -28  14 -23 -34  97  -2 -17  31   0   0   0   0   1   0 
  53  21  87  -4  94 -18  62  26  57 -20 -12 -41  30  73   0   0   0   0   0   1 

b=
  177  164  175  179 1104   35  192  137   81  409 



