--------------------------------------------------------------------------------------------
OPT/GIA/FIB Curso 2022-23, ejercicio implementacion del simplex : cjt. datos 24, problema PL 3
--------------------------------------------------------------------------------------------
c=
  80  -3 -54 -82  69  54  80  46 -57  -2 -97 -77  24  58   0   0   0   0   0   0 

A=
  17  56  -9   7  32  25   7   9  42 -36 -69  14  75 -94   0   0   0   0   0   0 
 -31  15  29 -61  85   4 -49  69  72 -50 -38 -73  24  66   0   0   0   0   0   0 
  79 -86  24 -50   1 -25  54 -46  68   5 -80 -82  88  78   0   0   0   0   0   0 
 -93 100  95 -92  29 -46 -96  97 -60  64  61 -18 -30   1   0   0   0   0   0   0 
  63  99  16 -29  65 -72 -79  73   6 -76  86 -83 -30  93  -1   0   0   0   0   0 
  67 -52 -28 -39  74 -28 -18  -4  39  93  14  63  89 -67   0   1   0   0   0   0 
  31 -47  72 -60   8  82 -65 -56 -95  39  84  33 -58  58   0   0   1   0   0   0 
  23  99  90  51  63  40  84  34  85  88  31  92  69  72   0   0   0   1   0   0 
  11  10  74  76   2  91  14  92  43  62  73  91  35  24   0   0   0   0   1   0 
  40  87  94  40  87  70  93  34  11   8  95  97  75  23   0   0   0   0   0   1 

b=
  76  62  28  12 131 204  27  74  95  30 
