--------------------------------------------------------------------------------------------
OPT/GIA/FIB Curso 2022-23, ejercicio implementacion del simplex : cjt. datos 24, problema PL 4
--------------------------------------------------------------------------------------------
Warning: one or more outputs not assigned in call (1)
c=
 -67 -47 -35  -3 -95 -91 -41 -12 -62 -50 -11 -89 -13  -7   0   0   0   0   0   0   0   0   0   0 

A=
  88  84  83  24  54  27  54  67  52  77  93   5  93 100  -1   0   0   0   0   0   0   0   0   0 
  76  86  24  74  83  64  49  29  63  56  73  26  97  67   0  -1   0   0   0   0   0   0   0   0  
  84  68  29  70  93  44  27   4  92  27  35  40  83  97   0   0  -1   0   0   0   0   0   0   0  
  39  34  30  25  91  77  66  25  82   7  40  40  63  96   0   0   0  -1   0   0   0   0   0   0  
  35  46  81  81  84  34  96  45  33  77  12  28  25  53   0   0   0   0  -1   0   0   0   0   0  
  69  99  52  83  50  21  30  83  82   0  86  58  87  91   0   0   0   0   0  -1   0   0   0   0  
  95  44  97  24  87  39  58  73  92  34  86  45  72  10   0   0   0   0   0   0  -1   0   0   0  
  52  63  28  71  77  33  32  57  48  50  12  71  46  79   0   0   0   0   0   0   0  -1   0   0 
  84  33  78  61  54  11  71  46  51  76  64  12  71  92   0   0   0   0   0   0   0   0  -1   0  
   7   2  46  69  42  33  74  16  64  36  98  46   1  27   0   0   0   0   0   0   0   0   0  -1  

b=
 900 866 792 714 729 890 855 718 803 560 

