:::::::::::::::::::::::::::::::::::::::::
::  OPT/GIA/FIB Curso 2022-23 : alumno  1 ::
:::::::::::::::::::::::::::::::::::::::::
--------------------------------------------------------------------------------------------
OPT/GIA/FIB Curso 2022-23, ejercicio implementacion del simplex : cjt. datos  1, problema PL 1
--------------------------------------------------------------------------------------------
c=
 -85 -65 -34  92 -83  93  22  76  48 -71  25 -50  79 -99   0   0   0   0   0   0 

A=
 -13 -29  23 -27  57 -52 -70  81  -2  64 -54   9  68  10   0   0   0   0   0   0 
  -6 -53 -37  36  85 -22  35  87  32  34  65 -64  65 -25   0   0   0   0   0   0 
 -13  93  31  16  45  23 -11  83  75 -65  67  10 -92  88   0   0   0   0   0   0 
  67  -8 -27 -22  47  44  -3 -23 -16  81 -24 -38 -67  24   0   0   0   0   0   0 
  80  57  77  72  52  58  53  84  77  92  57  75  68  88   1   0   0   0   0   0 
 -81  21 -14  73  11 -10  -7  45  95 -92  97 -79  89 -92   0  -1   0   0   0   0 
  96  -7  85 -63 -24 -95  42 -71 100  42  43 -23  83  60   0   0  -1   0   0   0 
 -27  92 -84  77  68  73  28  53  34 -71  59 -17 -36  -1   0   0   0   1   0   0 
  -1 -28  96  74  66 -82 -24  91  63  65  64 -29  73  93   0   0   0   0  -1   0 
 -60 -34  21 -65  84   4  12  98 -38  -1 -99  25  21  82   0   0   0   0   0  -1 

b=
  65 232 350  35 991  55 267 249 520  49 

z*=
 -533.9128 

vb*=
  5 13  3 12  1 18 17  2 11  7 
